00000000000000000000000000000000
00000000000000000000000000000000
00000000000000000000000000000000
00000000000000000000000000000000
00000001000000000000000000000000
00000111111000000000000000000000
00000011100000000000000000000000
00000111111000000000000000000000
00001000011110000001011110000000
00111100011111000001100000000000
01111110000000010011110000000000
00000000000000011111111000000000
00000000000000000111000000000000
00000000000000000000000000000000
00000000000000000000000000000000
00001111100000000000000000000000
00011111111000000000000000000000
00000111111100000000000000000000
00001111111111000000000000000000
00000111111111110000000000000000
00001111000011111111000000000000
00011111111111111100000000000000
00000011111111111000000000000000
00000011111111000000000000000000
00000111111110000000000000000000
00000011111100000000000000000000
00000011111100000000000000000000
00000000000000000000000000000000
00000000000000000000000000000000
00000000000000000000000000000000
00000000000000000000000000000000
00000000000000000000000000000000